[[125 125 133 ... 122 110  90]
 [125 125 133 ... 122 110  90]
 [125 125 133 ... 122 110  90]
 ...
 [ 60  60  58 ...  84  76  79]
 [ 57  57  62 ...  79  81  81]
 [ 57  57  6    2 ...  79  81  81]][[226 226 223 ... 230 221 200]
 [226 226 223 ... 230 221 200]
 [226 226 223 ... 230 221 200]
 ...
 [ 84  84  92 ... 173 172 177]
 [ 82  82  96 ... 179 181 185]
 [ 82  82  96 ... 179 181 185]][[125 125 133 ... 122 110  90]
 [125 125 133 ... 122 110  90]
 [125 125 133 ... 122 110  90]
 ...
 [ 60  60  58 ...  84  76  79]
 [ 57  57  62 ...  79  81  81]
 [ 57  57  62 ...  79  81  81]]